1 0.4921875 0.5013888890625 0.50390625 0.51944444375 0.709375 0.5708333328124999 0.75234375 0.5361111109375 0.77578125 0.5388888890625 0.778125 0.4875 0.75390625 0.475 0.71328125 0.4166666671875 0.52109375 0.372222221875 0.50234375 0.375 0.490625 0.3958333328125 0.4859375 0.46527777812500004 0.4921875 0.5013888890625
1 0.428125 0.5375 0.4234375 0.6152777781250001 0.43125 0.6541666671875 0.43984375 0.6666666671875 0.5765625 0.6791666671875001 0.61015625 0.64444444375 0.64609375 0.65 0.653125 0.6291666671875 0.65 0.590277778125 0.64296875 0.58055555625 0.61171875 0.5833333328125 0.59140625 0.55 0.55859375 0.5305555562500001 0.43984375 0.51944444375 0.428125 0.5375
1 0.2974257171875 1 0.31875 0.8458333328125001 0.31171875 0.8111111109375001 0.24765625 0.7805555562500001 0.23515625 0.7805555562500001 0.228125 0.7958333328125 0.2140625 0.8791666671874999 0.215625 0.965277778125 0.2 1 0.2974257171875 1
1 0.9984375 1 0.9953125 0.9736111109375001 0.97265625 0.9638888890624999 0.94453125 0.98055555625 0.8671875 1 0.9984375 1
1 0.7827105984375 1 0.88828125 0.8833333328125 0.93828125 0.8444444437499999 0.9421875 0.8125 0.915625 0.7263888890625 0.91015625 0.7166666671875 0.89140625 0.7194444437499999 0.85234375 0.7666666671875 0.72734375 0.877777778125 0.7140625 0.9041666671874999 0.7 0.9625 0.68125 0.9791666671874999 0.686272321875 1 0.7827105984375 1
1 0.4328125 0.70694444375 0.4296875 0.76805555625 0.4375 0.80694444375 0.44609375 0.8194444437499999 0.5890625 0.8263888890625 0.59921875 0.8222222218749999 0.61328125 0.7916666671875 0.65078125 0.79444444375 0.6515625 0.734722221875 0.61953125 0.727777778125 0.61328125 0.7361111109375 0.59765625 0.7 0.57265625 0.6888888890625 0.44296875 0.6861111109375 0.4328125 0.70694444375
1 0.9981297343750001 1 0.9953125 0.9763888890624999 0.97265625 0.9666666671874999 0.8571957234375001 1 0.9981297343750001 1
1 0.782961309375 1 0.88515625 0.8861111109375001 0.940625 0.840277778125 0.94375 0.8208333328125 0.91484375 0.725 0.90234375 0.7166666671875 0.88515625 0.725 0.84296875 0.777777778125 0.721875 0.8847222218749999 0.6984375 0.9708333328125001 0.68984375 0.975 0.6859375 0.9930555562500001 0.6884232953125 1 0.70078125 1 0.782961309375 1
1 0.4890625 0.49305555625 0.50390625 0.51944444375 0.7109375 0.5708333328124999 0.75078125 0.5388888890625 0.77109375 0.5416666671875 0.778125 0.5319444437499999 0.778125 0.490277778125 0.75234375 0.47222222187499996 0.71484375 0.4166666671875 0.52109375 0.372222221875 0.49609375 0.38055555625 0.4890625 0.40138888906250003 0.4890625 0.49305555625
1 0.4890625 0.5875 0.49296875 0.6166666671875001 0.54375 0.6208333328125 0.54296875 0.5861111109375 0.4890625 0.5875
1 0.43125 0.715277778125 0.4296875 0.76805555625 0.44296875 0.8166666671874999 0.5875 0.8263888890625 0.60234375 0.8194444437499999 0.61328125 0.7916666671875 0.64921875 0.79444444375 0.653125 0.7402777781250001 0.63203125 0.725 0.61328125 0.7361111109375 0.59453125 0.6972222218749999 0.56796875 0.6888888890625 0.44453125 0.6861111109375 0.43125 0.715277778125
1 0.29774639375 1 0.3046875 0.9708333328125001 0.31875 0.8541666671874999 0.31328125 0.8138888890624999 0.24609375 0.7805555562500001 0.23515625 0.7805555562500001 0.228125 0.7958333328125 0.2125 0.8958333328125001 0.215625 0.959722221875 0.1986328125 1 0.29774639375 1