1 0.00546875 0.88055555625 0.02734375 0.877777778125 0.06640625 0.91944444375 0.09375 0.91805555625 0.26953125 0.897222221875 0.278125 0.8819444437499999 0.2796875 0.859722221875 0.2765625 0.7819444437499999 0.26640625 0.7583333328124999 0.09140625 0.7666666671875 0.05390625 0.775 0.02109375 0.825 0.003125 0.8236111109375001 0.00546875 0.88055555625
1 0.43828125 1 0.43359375 0.9916666671875 0.42265625 0.9888888890624999 0.41045386875 1 0.43828125 1
1 0.9259014421874999 1 0.89609375 0.977777778125 0.88671875 0.9472222218749999 0.86484375 0.95555555625 0.8546875 0.9763888890624999 0.863984375 1 0.9259014421874999 1
1 0.89921875 0.49444444374999996 0.87734375 0.49444444374999996 0.86484375 0.50555555625 0.8109375 0.6152777781250001 0.7765625 0.709722221875 0.775 0.7625 0.80703125 0.8055555562500001 0.828125 0.809722221875 0.84296875 0.8 0.8765625 0.7486111109375 0.9078125 0.6875 0.9359375 0.609722221875 0.940625 0.5930555562500001 0.9375 0.5291666671875 0.946875 0.49305555625 0.93984375 0.4611111109375 0.92109375 0.45555555625000005 0.89921875 0.49444444374999996
1 0.3125 0.48472222187499997 0.32109375 0.525 0.340625 0.5263888890625 0.51171875 0.475 0.53359375 0.45555555625000005 0.55859375 0.45 0.5703125 0.4375 0.5703125 0.3986111109375 0.56171875 0.3861111109375 0.51796875 0.377777778125 0.33203125 0.397222221875 0.3125 0.41805555625 0.3125 0.48472222187499997
1 0.9301562499999999 1 0.91953125 0.9888888890624999 0.89453125 0.977777778125 0.88203125 0.95555555625 0.86796875 0.9611111109375001 0.86796875 0.975 0.88359375 0.9666666671874999 0.8875 0.9763888890624999 0.87421875 0.98055555625 0.865625 0.9986111109375001 0.8656473218749999 1 0.9301562499999999 1
1 0.87734375 0.49444444374999996 0.86484375 0.50555555625 0.8109375 0.6152777781250001 0.7765625 0.709722221875 0.775 0.7625 0.81171875 0.8111111109375001 0.828125 0.809722221875 0.84921875 0.7916666671875 0.8890625 0.7236111109375 0.9359375 0.609722221875 0.940625 0.5930555562500001 0.9375 0.5291666671875 0.946875 0.490277778125 0.93984375 0.4611111109375 0.92265625 0.45555555625000005 0.89921875 0.49444444374999996 0.87734375 0.49444444374999996
1 0.38984375 0.5138888890625 0.41953125 0.49444444374999996 0.421875 0.42083333281249996 0.4140625 0.39305555625 0.37265625 0.3888888890625 0.31796875 0.40555555625000006 0.3125 0.41805555625 0.315625 0.515277778125 0.3359375 0.5263888890625 0.38984375 0.5138888890625
1 0.05234375 0.9111111109375001 0.0921875 0.91805555625 0.26484375 0.9 0.278125 0.8819444437499999 0.275 0.7791666671875 0.26484375 0.7583333328124999 0.23984375 0.7583333328124999 0.09453125 0.7666666671875 0.04921875 0.7805555562500001 0.021875 0.8263888890625 0.0203125 0.8652777781250001 0.05234375 0.9111111109375001
1 0.43585069374999996 1 0.43046875 0.9916666671875 0.41953125 0.9916666671875 0.41039062499999995 1 0.43585069374999996 1
1 0.02421875 0.875 0.06640625 0.91944444375 0.0953125 0.91805555625 0.26953125 0.897222221875 0.2796875 0.8680555562500001 0.2765625 0.7819444437499999 0.26640625 0.7583333328124999 0.09296875 0.7666666671875 0.05546875 0.775 0.01953125 0.827777778125 0.0046875 0.8236111109375001 0.00703125 0.877777778125 0.02421875 0.875