1 0.065625 0.771875 0.059375 0.45234375
1 0.03515625 0.76328125 0.0625 0.47265625
1 0.10859375 0.765625 0.08984375 0.46875
1 0.15625 0.77578125 0.12265625 0.44765625
1 0.184375 0.7890625 0.096875 0.421875
1 0.2390625 0.7859375 0.109375 0.428125
1 0.29296875 0.7859375 0.1203125 0.428125
1 0.3515625 0.79375 0.11171875 0.4125
1 0.4234375 0.7890625 0.146875 0.421875
1 0.50625 0.80703125 0.16484375 0.38515625
1 0.65234375 0.79375 0.153125 0.4125
1 0.6140625 0.8140625 0.184375 0.371875
1 0.7796875 0.80703125 0.16796875 0.38515625
1 0.74765625 0.83515625 0.18125 0.32890625
1 0.9046875 0.825 0.190625 0.35
1 0.984375 0.85625 0.03125 0.2875