1 0.03515625 0.00859375 0.0625 0.01640625
1 0.1078125 0.05390625 0.090625 0.1078125
1 0.15625 0.07109375 0.12265625 0.14140625
1 0.184375 0.06328125 0.096875 0.1265625
1 0.2390625 0.08984375 0.109375 0.17890625
1 0.29375 0.10546875 0.12109375 0.21015625
1 0.3515625 0.146875 0.11171875 0.29375
1 0.42421875 0.165625 0.146875 0.33125
1 0.50625 0.21171875 0.16484375 0.42265625
1 0.6515625 0.22578125 0.153125 0.4515625
1 0.6140625 0.253125 0.184375 0.50625
1 0.77890625 0.30390625 0.1671875 0.6078125
1 0.74765625 0.309375 0.18125 0.61875
1 0.9046875 0.36484375 0.190625 0.72890625
1 0.984375 0.43125 0.03125 0.8625