1 0.13828125 0.36640625 0.1375 0.2703125
1 0.88671875 0.39375 0.15703125 0.20625
1 0.075 0.43828125 0.15 0.2546875
1 0.28671875 0.47578125 0.16171875 0.3453125
1 0.4390625 0.54921875 0.1375 0.23046875
1 0.175 0.640625 0.16875 0.31796875
1 0.62109375 0.73203125 0.17109375 0.33359375
1 0.8421875 0.753125 0.19765625 0.315625
1 0.36796875 0.7625 0.209375 0.29765625
1 0.09375 0.803125 0.18671875 0.35859375
1 0.275 0.09609375 0.07265625 0.1203125
1 0.81640625 0.9421875 0.2359375 0.115625
1 0.5390625 0.95 0.28203125 0.1
1 0.20859375 0.96015625 0.2796875 0.0796875
1 0.03359375 0.95859375 0.06640625 0.0828125
1 0.1015625 0.146875 0.11484375 0.1984375
1 0.225 0.225 0.13125 0.25
1 0.87109375 0.25859375 0.11875 0.16875