1 0.99140625 0.4390625 0.0171875 0.2546875
1 0.2890625 0.44765625 0.15234375 0.3140625
1 0.08046875 0.50078125 0.15859375 0.28828125
1 0.45234375 0.515625 0.1703125 0.30625
1 0.234375 0.59765625 0.1859375 0.315625
1 0.5203125 0.6625 0.1921875 0.3375
1 0.98671875 0.803125 0.02578125 0.35859375
1 0.8515625 0.82421875 0.25234375 0.34921875
1 0.1453125 0.79375 0.234375 0.4125
1 0.33828125 0.8203125 0.2046875 0.359375
1 0.59453125 0.8359375 0.23984375 0.32578125
1 0.096875 0.9015625 0.19375 0.196875
1 0.628125 0.9546875 0.3 0.090625
1 0.8890625 0.95859375 0.221875 0.0828125
1 0.35078125 0.99453125 0.34375 0.0109375
1 0.63984375 0.1546875 0.1296875 0.20625
1 0.4171875 0.196875 0.15 0.2421875
1 0.55 0.2515625 0.12265625 0.26796875
1 0.378125 0.32421875 0.165625 0.25859375
1 0.5875 0.346875 0.11953125 0.2203125
1 0.153125 0.3484375 0.1609375 0.25859375